predicted_lines
255
256
257
298
299
300
384
385
386
415
416
417
